# Created by Octave 5.2.0, Mon Jan 18 16:59:26 2021 GMT <unknown@DESKTOP-G0KGB4F>
# name: A1
# type: scalar
1.0293971101145987


# name: A2
# type: scalar
1.1051709180756473


# name: X
# type: range
# base, limit, increment
2 10 0.20000000000000001


# name: X1
# type: matrix
# rows: 1
# columns: 41
 2 2.0587942202291973 2.1193168206245745 2.1816186105681963 2.2457518930911271 2.3117705087823954 2.3797298809887533 2.4496870623431803 2.5217007826611906 2.5958314982451514 2.6721414426380079 2.7506946788690199 2.8315571532353729 2.9147967506648129 3.000483351705781 3.0886888911928958 3.1794874186370312 3.2729551603906852 3.3691705836408343 3.4682144622829907 3.5701699447317674 3.675122623724878 3.7831606081791711 3.8943745971590262 4.0088579560192059 4.1267067947860872 4.2480200488430766 4.3728995619879392 4.5014501719317792 4.633779798311437 4.7699995332892016 4.9102237348158884 5.054570122635587 5.2031598771126655 5.3561177409640086 5.5135721239818833 5.6756552108353606 5.8425030720407838 6.0142557781944479 6.1910575175633911 6.3730567171330161


# name: Y
# type: matrix
# rows: 1
# columns: 41
 2.7182818284590451 3.0041660239464334 3.3201169227365472 3.6692966676192444 4.0551999668446745 4.4816890703380645 4.9530324243951149 5.4739473917272008 6.0496474644129465 6.6858944422792685 7.3890560989306504 8.1661699125676517 9.025013499434122 9.9741824548147182 11.023176380641605 12.182493960703473 13.463738035001692 14.879731724872837 16.444646771097048 18.174145369443067 20.085536923187668 22.197951281441636 24.532530197109352 27.112638920657893 29.964100047397025 33.115451958692312 36.598234443677988 40.447304360067399 44.701184493300836 49.402449105530188 54.598150033144236 60.34028759736195 66.686331040925154 73.699793699595844 81.450868664968141 90.017131300521811 99.484315641933776 109.94717245212352 121.51041751873497 134.28977968493552 148.4131591025766


# name: Y1
# type: matrix
# rows: 1
# columns: 41
 2 2.2103418361512945 2.4428055163203379 2.6997176151520033 2.9836493952825363 3.2974425414002502 3.6442376007810102 4.0275054149409435 4.4510818569849233 4.9192062223138846 5.4365636569180724 6.0083320478928446 6.6402338454730687 7.3385933352384569 8.1103999336893118 8.9633781406760846 9.9060648487901766 10.947894783454338 12.09929492882582 13.371788884558455 14.778112197861203 16.332339825135186 18.050026998868109 19.948364909629287 22.046352761283025 24.36498792140674 26.927476070003145 29.759463449745397 32.889293542193791 36.348290738885765 40.171073846374931 44.395902562882803 49.065060394218172 54.225277841315176 59.928200094793347 66.230903917383856 73.196468887355095 80.894608720133789 89.402368986600521 98.804898211059069 109.19630006628702


# name: ii
# type: scalar
40


# name: t
# type: range
# base, limit, increment
1 5 0.10000000000000001


# name: x0
# type: scalar
2


