# Created by Octave 5.2.0, Wed Jan 06 17:01:20 2021 GMT <unknown@DESKTOP-G0KGB4F>
# name: T
# type: matrix
# rows: 1
# columns: 3
 0.014285714285714285 0.0083333333333333332 0.0071428571428571426


# name: f
# type: scalar
60


# name: n1
# type: range
# base, limit, increment
-3 3 1


# name: n2
# type: range
# base, limit, increment
-6 6 1


# name: n3
# type: range
# base, limit, increment
-7 7 1


# name: nmax
# type: scalar
7


# name: nmin
# type: scalar
-7


# name: t
# type: matrix
# rows: 1
# columns: 400
 -0.050000000000000003 -0.04974937343358396 -0.049498746867167924 -0.049248120300751881 -0.048997493734335845 -0.048746867167919802 -0.048496240601503759 -0.048245614035087724 -0.047994987468671681 -0.047744360902255645 -0.047493734335839602 -0.047243107769423559 -0.046992481203007523 -0.04674185463659148 -0.046491228070175444 -0.046240601503759401 -0.045989974937343359 -0.045739348370927323 -0.04548872180451128 -0.045238095238095244 -0.044987468671679201 -0.044736842105263158 -0.044486215538847122 -0.044235588972431079 -0.043984962406015043 -0.043734335839599001 -0.043483709273182958 -0.043233082706766922 -0.042982456140350879 -0.042731829573934843 -0.0424812030075188 -0.042230576441102757 -0.041979949874686721 -0.041729323308270679 -0.041478696741854643 -0.0412280701754386 -0.040977443609022557 -0.040726817042606521 -0.040476190476190478 -0.040225563909774442 -0.039974937343358399 -0.039724310776942356 -0.039473684210526321 -0.039223057644110278 -0.038972431077694242 -0.038721804511278199 -0.038471177944862156 -0.03822055137844612 -0.037969924812030077 -0.037719298245614041 -0.037468671679197998 -0.037218045112781956 -0.03696741854636592 -0.036716791979949877 -0.036466165413533841 -0.036215538847117798 -0.035964912280701755 -0.035714285714285719 -0.035463659147869676 -0.03521303258145364 -0.034962406015037598 -0.034711779448621555 -0.034461152882205519 -0.034210526315789476 -0.03395989974937344 -0.033709273182957397 -0.033458646616541354 -0.033208020050125311 -0.032957393483709276 -0.03270676691729324 -0.032456140350877197 -0.032205513784461154 -0.031954887218045111 -0.031704260651629075 -0.031453634085213039 -0.031203007518796996 -0.030952380952380957 -0.030701754385964914 -0.030451127819548875 -0.030200501253132835 -0.029949874686716796 -0.029699248120300756 -0.029448621553884714 -0.029197994987468674 -0.028947368421052635 -0.028696741854636595 -0.028446115288220556 -0.028195488721804513 -0.027944862155388474 -0.027694235588972434 -0.027443609022556395 -0.027192982456140356 -0.026942355889724313 -0.026691729323308273 -0.026441102756892234 -0.026190476190476195 -0.025939849624060152 -0.025689223057644112 -0.025438596491228073 -0.025187969924812034 -0.024937343358395994 -0.024686716791979951 -0.024436090225563912 -0.024185463659147872 -0.023934837092731833 -0.023684210526315794 -0.023433583959899751 -0.023182957393483711 -0.022932330827067672 -0.022681704260651633 -0.022431077694235593 -0.02218045112781955 -0.021929824561403511 -0.021679197994987472 -0.021428571428571432 -0.021177944862155393 -0.02092731829573935 -0.020676691729323311 -0.020426065162907271 -0.020175438596491232 -0.019924812030075192 -0.01967418546365915 -0.01942355889724311 -0.019172932330827071 -0.018922305764411031 -0.018671679197994992 -0.018421052631578949 -0.018170426065162913 -0.01791979949874687 -0.017669172932330827 -0.017418546365914792 -0.017167919799498749 -0.016917293233082713 -0.01666666666666667 -0.016416040100250627 -0.016165413533834591 -0.015914786967418548 -0.015664160401002512 -0.015413533834586469 -0.015162907268170427 -0.014912280701754391 -0.014661654135338348 -0.014411027568922312 -0.014160401002506269 -0.013909774436090226 -0.01365914786967419 -0.013408521303258147 -0.013157894736842111 -0.012907268170426069 -0.012656641604010026 -0.01240601503759399 -0.012155388471177947 -0.011904761904761911 -0.011654135338345868 -0.011403508771929825 -0.011152882205513789 -0.010902255639097747 -0.010651629072681711 -0.010401002506265668 -0.010150375939849625 -0.009899749373433589 -0.0096491228070175461 -0.0093984962406015102 -0.0091478696741854673 -0.0088972431077694245 -0.0086466165413533885 -0.0083959899749373457 -0.0081453634085213097 -0.0078947368421052669 -0.007644110275689224 -0.0073934837092731881 -0.0071428571428571452 -0.0068922305764411093 -0.0066416040100250665 -0.0063909774436090236 -0.0061403508771929877 -0.0058897243107769448 -0.0056390977443609089 -0.005388471177944866 -0.0051378446115288232 -0.0048872180451127872 -0.0046365914786967444 -0.0043859649122807084 -0.0041353383458646656 -0.0038847117794486227 -0.0036340852130325868 -0.0033834586466165439 -0.003132832080200508 -0.0028822055137844652 -0.0026315789473684223 -0.0023809523809523864 -0.0021303258145363435 -0.0018796992481203006 -0.0016290726817042647 -0.0013784461152882219 -0.0011278195488721859 -0.00087719298245614308 -0.00062656641604010022 -0.00037593984962406429 -0.00012531328320802143 0.00012531328320801449 0.00037593984962405735 0.00062656641604010022 0.00087719298245613614 0.001127819548872179 0.0013784461152882149 0.0016290726817042578 0.0018796992481203006 0.0021303258145363366 0.0023809523809523794 0.0026315789473684154 0.0028822055137844582 0.0031328320802005011 0.003383458646616537 0.0036340852130325799 0.0038847117794486158 0.0041353383458646586 0.0043859649122807015 0.0046365914786967374 0.0048872180451127803 0.0051378446115288162 0.0053884711779448591 0.0056390977443609019 0.0058897243107769379 0.0061403508771929807 0.0063909774436090167 0.0066416040100250595 0.0068922305764411024 0.0071428571428571383 0.0073934837092731812 0.0076441102756892171 0.0078947368421052599 0.0081453634085213028 0.0083959899749373387 0.0086466165413533816 0.0088972431077694175 0.0091478696741854604 0.0093984962406015032 0.0096491228070175392 0.009899749373433582 0.010150375939849618 0.010401002506265661 0.010651629072681704 0.01090225563909774 0.011152882205513782 0.011403508771929818 0.011654135338345861 0.011904761904761904 0.01215538847117794 0.012406015037593983 0.012656641604010019 0.012907268170426062 0.013157894736842105 0.013408521303258147 0.013659147869674176 0.013909774436090219 0.014160401002506262 0.014411027568922305 0.014661654135338348 0.014912280701754377 0.01516290726817042 0.015413533834586463 0.015664160401002505 0.015914786967418548 0.016165413533834577 0.01641604010025062 0.016666666666666663 0.016917293233082706 0.017167919799498749 0.017418546365914778 0.017669172932330821 0.017919799498746863 0.018170426065162906 0.018421052631578949 0.018671679197994978 0.018922305764411021 0.019172932330827064 0.019423558897243107 0.01967418546365915 0.019924812030075179 0.020175438596491221 0.020426065162907264 0.020676691729323307 0.02092731829573935 0.021177944862155379 0.021428571428571422 0.021679197994987465 0.021929824561403508 0.02218045112781955 0.022431077694235579 0.022681704260651622 0.022932330827067665 0.023182957393483708 0.023433583959899751 0.02368421052631578 0.023934837092731823 0.024185463659147866 0.024436090225563908 0.024686716791979951 0.02493734335839598 0.025187969924812023 0.025438596491228066 0.025689223057644109 0.025939849624060152 0.026190476190476181 0.026441102756892224 0.026691729323308266 0.026942355889724309 0.027192982456140352 0.027443609022556381 0.027694235588972424 0.027944862155388467 0.02819548872180451 0.028446115288220553 0.028696741854636582 0.028947368421052624 0.029197994987468667 0.02944862155388471 0.029699248120300753 0.029949874686716782 0.030200501253132825 0.030451127819548868 0.030701754385964911 0.030952380952380953 0.031203007518796982 0.031453634085213025 0.031704260651629068 0.031954887218045111 0.032205513784461154 0.032456140350877183 0.032706766917293226 0.032957393483709269 0.033208020050125311 0.033458646616541354 0.033709273182957383 0.033959899749373426 0.034210526315789469 0.034461152882205512 0.034711779448621555 0.034962406015037584 0.035213032581453627 0.035463659147869669 